 Crustal model (free format) - Shuo Ma
 number of layers:
         400
 Parameters of the layers
 depth of layer top(km)   Vp(km/s)    Vs(km/s)    Rho(g/cm**3)    Qp     Qs
  0.00000E+00  0.20602E+01  0.75000E+00  0.25000E+01  0.10000E+04  0.10000E+04
  0.20000E-01  0.23446E+01  0.82858E+00  0.25256E+01  0.10000E+04  0.10000E+04
  0.40000E-01  0.25665E+01  0.10233E+01  0.25456E+01  0.10000E+04  0.10000E+04
  0.60000E-01  0.27465E+01  0.11812E+01  0.25618E+01  0.10000E+04  0.10000E+04
  0.80000E-01  0.28969E+01  0.13131E+01  0.25754E+01  0.10000E+04  0.10000E+04
  0.10000E+00  0.30280E+01  0.14280E+01  0.25872E+01  0.10000E+04  0.10000E+04
  0.12000E+00  0.31452E+01  0.15309E+01  0.25977E+01  0.10000E+04  0.10000E+04
  0.14000E+00  0.32520E+01  0.16245E+01  0.26074E+01  0.10000E+04  0.10000E+04
  0.16000E+00  0.33505E+01  0.17109E+01  0.26162E+01  0.10000E+04  0.10000E+04
  0.18000E+00  0.34422E+01  0.17914E+01  0.26245E+01  0.10000E+04  0.10000E+04
  0.20000E+00  0.34880E+01  0.18316E+01  0.26286E+01  0.10000E+04  0.10000E+04
  0.22000E+00  0.35266E+01  0.18654E+01  0.26321E+01  0.10000E+04  0.10000E+04
  0.24000E+00  0.35626E+01  0.18970E+01  0.26353E+01  0.10000E+04  0.10000E+04
  0.26000E+00  0.35963E+01  0.19266E+01  0.26384E+01  0.10000E+04  0.10000E+04
  0.28000E+00  0.36281E+01  0.19544E+01  0.26412E+01  0.10000E+04  0.10000E+04
  0.30000E+00  0.36581E+01  0.19808E+01  0.26439E+01  0.10000E+04  0.10000E+04
  0.32000E+00  0.36866E+01  0.20058E+01  0.26465E+01  0.10000E+04  0.10000E+04
  0.34000E+00  0.37138E+01  0.20296E+01  0.26490E+01  0.10000E+04  0.10000E+04
  0.36000E+00  0.37397E+01  0.20524E+01  0.26513E+01  0.10000E+04  0.10000E+04
  0.38000E+00  0.37645E+01  0.20741E+01  0.26535E+01  0.10000E+04  0.10000E+04
  0.40000E+00  0.37883E+01  0.20950E+01  0.26557E+01  0.10000E+04  0.10000E+04
  0.42000E+00  0.38112E+01  0.21151E+01  0.26577E+01  0.10000E+04  0.10000E+04
  0.44000E+00  0.38332E+01  0.21344E+01  0.26597E+01  0.10000E+04  0.10000E+04
  0.46000E+00  0.38545E+01  0.21531E+01  0.26616E+01  0.10000E+04  0.10000E+04
  0.48000E+00  0.38751E+01  0.21711E+01  0.26635E+01  0.10000E+04  0.10000E+04
  0.50000E+00  0.38950E+01  0.21886E+01  0.26653E+01  0.10000E+04  0.10000E+04
  0.52000E+00  0.39142E+01  0.22055E+01  0.26670E+01  0.10000E+04  0.10000E+04
  0.54000E+00  0.39329E+01  0.22219E+01  0.26687E+01  0.10000E+04  0.10000E+04
  0.56000E+00  0.39511E+01  0.22378E+01  0.26703E+01  0.10000E+04  0.10000E+04
  0.58000E+00  0.39687E+01  0.22533E+01  0.26719E+01  0.10000E+04  0.10000E+04
  0.60000E+00  0.39859E+01  0.22683E+01  0.26735E+01  0.10000E+04  0.10000E+04
  0.62000E+00  0.40026E+01  0.22830E+01  0.26750E+01  0.10000E+04  0.10000E+04
  0.64000E+00  0.40189E+01  0.22973E+01  0.26765E+01  0.10000E+04  0.10000E+04
  0.66000E+00  0.40348E+01  0.23113E+01  0.26779E+01  0.10000E+04  0.10000E+04
  0.68000E+00  0.40504E+01  0.23249E+01  0.26793E+01  0.10000E+04  0.10000E+04
  0.70000E+00  0.40655E+01  0.23382E+01  0.26807E+01  0.10000E+04  0.10000E+04
  0.72000E+00  0.40804E+01  0.23512E+01  0.26820E+01  0.10000E+04  0.10000E+04
  0.74000E+00  0.40949E+01  0.23639E+01  0.26833E+01  0.10000E+04  0.10000E+04
  0.76000E+00  0.41091E+01  0.23764E+01  0.26846E+01  0.10000E+04  0.10000E+04
  0.78000E+00  0.41230E+01  0.23886E+01  0.26858E+01  0.10000E+04  0.10000E+04
  0.80000E+00  0.41366E+01  0.24005E+01  0.26871E+01  0.10000E+04  0.10000E+04
  0.82000E+00  0.41500E+01  0.24123E+01  0.26883E+01  0.10000E+04  0.10000E+04
  0.84000E+00  0.41631E+01  0.24238E+01  0.26894E+01  0.10000E+04  0.10000E+04
  0.86000E+00  0.41759E+01  0.24350E+01  0.26906E+01  0.10000E+04  0.10000E+04
  0.88000E+00  0.41886E+01  0.24461E+01  0.26917E+01  0.10000E+04  0.10000E+04
  0.90000E+00  0.42010E+01  0.24570E+01  0.26929E+01  0.10000E+04  0.10000E+04
  0.92000E+00  0.42131E+01  0.24677E+01  0.26940E+01  0.10000E+04  0.10000E+04
  0.94000E+00  0.42251E+01  0.24782E+01  0.26950E+01  0.10000E+04  0.10000E+04
  0.96000E+00  0.42369E+01  0.24885E+01  0.26961E+01  0.10000E+04  0.10000E+04
  0.98000E+00  0.42485E+01  0.24986E+01  0.26971E+01  0.10000E+04  0.10000E+04
  0.10000E+01  0.42598E+01  0.25086E+01  0.26982E+01  0.10000E+04  0.10000E+04
  0.10200E+01  0.42711E+01  0.25185E+01  0.26992E+01  0.10000E+04  0.10000E+04
  0.10400E+01  0.42821E+01  0.25282E+01  0.27002E+01  0.10000E+04  0.10000E+04
  0.10600E+01  0.42930E+01  0.25377E+01  0.27011E+01  0.10000E+04  0.10000E+04
  0.10800E+01  0.43037E+01  0.25471E+01  0.27021E+01  0.10000E+04  0.10000E+04
  0.11000E+01  0.43142E+01  0.25563E+01  0.27031E+01  0.10000E+04  0.10000E+04
  0.11200E+01  0.43246E+01  0.25655E+01  0.27040E+01  0.10000E+04  0.10000E+04
  0.11400E+01  0.43349E+01  0.25745E+01  0.27049E+01  0.10000E+04  0.10000E+04
  0.11600E+01  0.43450E+01  0.25833E+01  0.27058E+01  0.10000E+04  0.10000E+04
  0.11800E+01  0.43550E+01  0.25921E+01  0.27067E+01  0.10000E+04  0.10000E+04
  0.12000E+01  0.43692E+01  0.26007E+01  0.27076E+01  0.10000E+04  0.10000E+04
  0.12200E+01  0.43835E+01  0.26092E+01  0.27085E+01  0.10000E+04  0.10000E+04
  0.12400E+01  0.43976E+01  0.26176E+01  0.27094E+01  0.10000E+04  0.10000E+04
  0.12600E+01  0.44116E+01  0.26259E+01  0.27102E+01  0.10000E+04  0.10000E+04
  0.12800E+01  0.44253E+01  0.26341E+01  0.27111E+01  0.10000E+04  0.10000E+04
  0.13000E+01  0.44389E+01  0.26422E+01  0.27119E+01  0.10000E+04  0.10000E+04
  0.13200E+01  0.44523E+01  0.26502E+01  0.27127E+01  0.10000E+04  0.10000E+04
  0.13400E+01  0.44656E+01  0.26581E+01  0.27135E+01  0.10000E+04  0.10000E+04
  0.13600E+01  0.44787E+01  0.26659E+01  0.27143E+01  0.10000E+04  0.10000E+04
  0.13800E+01  0.44917E+01  0.26736E+01  0.27151E+01  0.10000E+04  0.10000E+04
  0.14000E+01  0.45045E+01  0.26813E+01  0.27159E+01  0.10000E+04  0.10000E+04
  0.14200E+01  0.45172E+01  0.26888E+01  0.27167E+01  0.10000E+04  0.10000E+04
  0.14400E+01  0.45297E+01  0.26963E+01  0.27174E+01  0.10000E+04  0.10000E+04
  0.14600E+01  0.45421E+01  0.27036E+01  0.27182E+01  0.10000E+04  0.10000E+04
  0.14800E+01  0.45543E+01  0.27109E+01  0.27189E+01  0.10000E+04  0.10000E+04
  0.15000E+01  0.45665E+01  0.27181E+01  0.27197E+01  0.10000E+04  0.10000E+04
  0.15200E+01  0.45785E+01  0.27253E+01  0.27204E+01  0.10000E+04  0.10000E+04
  0.15400E+01  0.45903E+01  0.27323E+01  0.27211E+01  0.10000E+04  0.10000E+04
  0.15600E+01  0.46021E+01  0.27393E+01  0.27219E+01  0.10000E+04  0.10000E+04
  0.15800E+01  0.46137E+01  0.27462E+01  0.27226E+01  0.10000E+04  0.10000E+04
  0.16000E+01  0.46252E+01  0.27531E+01  0.27233E+01  0.10000E+04  0.10000E+04
  0.16200E+01  0.46366E+01  0.27599E+01  0.27240E+01  0.10000E+04  0.10000E+04
  0.16400E+01  0.46479E+01  0.27666E+01  0.27247E+01  0.10000E+04  0.10000E+04
  0.16600E+01  0.46591E+01  0.27733E+01  0.27253E+01  0.10000E+04  0.10000E+04
  0.16800E+01  0.46701E+01  0.27798E+01  0.27260E+01  0.10000E+04  0.10000E+04
  0.17000E+01  0.46811E+01  0.27864E+01  0.27267E+01  0.10000E+04  0.10000E+04
  0.17200E+01  0.46920E+01  0.27928E+01  0.27274E+01  0.10000E+04  0.10000E+04
  0.17400E+01  0.47027E+01  0.27992E+01  0.27280E+01  0.10000E+04  0.10000E+04
  0.17600E+01  0.47134E+01  0.28056E+01  0.27287E+01  0.10000E+04  0.10000E+04
  0.17800E+01  0.47240E+01  0.28119E+01  0.27293E+01  0.10000E+04  0.10000E+04
  0.18000E+01  0.47344E+01  0.28181E+01  0.27299E+01  0.10000E+04  0.10000E+04
  0.18200E+01  0.47448E+01  0.28243E+01  0.27306E+01  0.10000E+04  0.10000E+04
  0.18400E+01  0.47551E+01  0.28304E+01  0.27312E+01  0.10000E+04  0.10000E+04
  0.18600E+01  0.47653E+01  0.28365E+01  0.27318E+01  0.10000E+04  0.10000E+04
  0.18800E+01  0.47754E+01  0.28425E+01  0.27325E+01  0.10000E+04  0.10000E+04
  0.19000E+01  0.47854E+01  0.28485E+01  0.27331E+01  0.10000E+04  0.10000E+04
  0.19200E+01  0.47954E+01  0.28544E+01  0.27337E+01  0.10000E+04  0.10000E+04
  0.19400E+01  0.48052E+01  0.28603E+01  0.27343E+01  0.10000E+04  0.10000E+04
  0.19600E+01  0.48150E+01  0.28661E+01  0.27349E+01  0.10000E+04  0.10000E+04
  0.19800E+01  0.48247E+01  0.28719E+01  0.27355E+01  0.10000E+04  0.10000E+04
  0.20000E+01  0.48343E+01  0.28776E+01  0.27361E+01  0.10000E+04  0.10000E+04
  0.20200E+01  0.48439E+01  0.28833E+01  0.27366E+01  0.10000E+04  0.10000E+04
  0.20400E+01  0.48534E+01  0.28889E+01  0.27372E+01  0.10000E+04  0.10000E+04
  0.20600E+01  0.48628E+01  0.28945E+01  0.27378E+01  0.10000E+04  0.10000E+04
  0.20800E+01  0.48721E+01  0.29001E+01  0.27384E+01  0.10000E+04  0.10000E+04
  0.21000E+01  0.48813E+01  0.29056E+01  0.27389E+01  0.10000E+04  0.10000E+04
  0.21200E+01  0.48905E+01  0.29110E+01  0.27395E+01  0.10000E+04  0.10000E+04
  0.21400E+01  0.48996E+01  0.29165E+01  0.27400E+01  0.10000E+04  0.10000E+04
  0.21600E+01  0.49087E+01  0.29218E+01  0.27406E+01  0.10000E+04  0.10000E+04
  0.21800E+01  0.49177E+01  0.29272E+01  0.27412E+01  0.10000E+04  0.10000E+04
  0.22000E+01  0.49266E+01  0.29325E+01  0.27417E+01  0.10000E+04  0.10000E+04
  0.22200E+01  0.49354E+01  0.29378E+01  0.27422E+01  0.10000E+04  0.10000E+04
  0.22400E+01  0.49442E+01  0.29430E+01  0.27428E+01  0.10000E+04  0.10000E+04
  0.22600E+01  0.49530E+01  0.29482E+01  0.27433E+01  0.10000E+04  0.10000E+04
  0.22800E+01  0.49616E+01  0.29533E+01  0.27438E+01  0.10000E+04  0.10000E+04
  0.23000E+01  0.49702E+01  0.29585E+01  0.27444E+01  0.10000E+04  0.10000E+04
  0.23200E+01  0.49788E+01  0.29635E+01  0.27449E+01  0.10000E+04  0.10000E+04
  0.23400E+01  0.49872E+01  0.29686E+01  0.27454E+01  0.10000E+04  0.10000E+04
  0.23600E+01  0.49957E+01  0.29736E+01  0.27459E+01  0.10000E+04  0.10000E+04
  0.23800E+01  0.50040E+01  0.29786E+01  0.27464E+01  0.10000E+04  0.10000E+04
  0.24000E+01  0.50124E+01  0.29835E+01  0.27469E+01  0.10000E+04  0.10000E+04
  0.24200E+01  0.50206E+01  0.29885E+01  0.27474E+01  0.10000E+04  0.10000E+04
  0.24400E+01  0.50288E+01  0.29933E+01  0.27479E+01  0.10000E+04  0.10000E+04
  0.24600E+01  0.50370E+01  0.29982E+01  0.27484E+01  0.10000E+04  0.10000E+04
  0.24800E+01  0.50451E+01  0.30030E+01  0.27489E+01  0.10000E+04  0.10000E+04
  0.25000E+01  0.50531E+01  0.30078E+01  0.27494E+01  0.10000E+04  0.10000E+04
  0.25200E+01  0.50611E+01  0.30126E+01  0.27499E+01  0.10000E+04  0.10000E+04
  0.25400E+01  0.50691E+01  0.30173E+01  0.27504E+01  0.10000E+04  0.10000E+04
  0.25600E+01  0.50770E+01  0.30220E+01  0.27509E+01  0.10000E+04  0.10000E+04
  0.25800E+01  0.50848E+01  0.30267E+01  0.27514E+01  0.10000E+04  0.10000E+04
  0.26000E+01  0.50926E+01  0.30313E+01  0.27518E+01  0.10000E+04  0.10000E+04
  0.26200E+01  0.51004E+01  0.30359E+01  0.27523E+01  0.10000E+04  0.10000E+04
  0.26400E+01  0.51081E+01  0.30405E+01  0.27528E+01  0.10000E+04  0.10000E+04
  0.26600E+01  0.51157E+01  0.30451E+01  0.27533E+01  0.10000E+04  0.10000E+04
  0.26800E+01  0.51233E+01  0.30496E+01  0.27537E+01  0.10000E+04  0.10000E+04
  0.27000E+01  0.51309E+01  0.30541E+01  0.27542E+01  0.10000E+04  0.10000E+04
  0.27200E+01  0.51384E+01  0.30586E+01  0.27546E+01  0.10000E+04  0.10000E+04
  0.27400E+01  0.51459E+01  0.30630E+01  0.27551E+01  0.10000E+04  0.10000E+04
  0.27600E+01  0.51533E+01  0.30675E+01  0.27556E+01  0.10000E+04  0.10000E+04
  0.27800E+01  0.51607E+01  0.30718E+01  0.27560E+01  0.10000E+04  0.10000E+04
  0.28000E+01  0.51681E+01  0.30762E+01  0.27565E+01  0.10000E+04  0.10000E+04
  0.28200E+01  0.51754E+01  0.30806E+01  0.27569E+01  0.10000E+04  0.10000E+04
  0.28400E+01  0.51826E+01  0.30849E+01  0.27573E+01  0.10000E+04  0.10000E+04
  0.28600E+01  0.51898E+01  0.30892E+01  0.27578E+01  0.10000E+04  0.10000E+04
  0.28800E+01  0.51970E+01  0.30935E+01  0.27582E+01  0.10000E+04  0.10000E+04
  0.29000E+01  0.52042E+01  0.30977E+01  0.27587E+01  0.10000E+04  0.10000E+04
  0.29200E+01  0.52113E+01  0.31020E+01  0.27591E+01  0.10000E+04  0.10000E+04
  0.29400E+01  0.52183E+01  0.31062E+01  0.27595E+01  0.10000E+04  0.10000E+04
  0.29600E+01  0.52254E+01  0.31103E+01  0.27600E+01  0.10000E+04  0.10000E+04
  0.29800E+01  0.52324E+01  0.31145E+01  0.27604E+01  0.10000E+04  0.10000E+04
  0.30000E+01  0.52393E+01  0.31186E+01  0.27608E+01  0.10000E+04  0.10000E+04
  0.30200E+01  0.52462E+01  0.31228E+01  0.27612E+01  0.10000E+04  0.10000E+04
  0.30400E+01  0.52531E+01  0.31269E+01  0.27617E+01  0.10000E+04  0.10000E+04
  0.30600E+01  0.52600E+01  0.31309E+01  0.27621E+01  0.10000E+04  0.10000E+04
  0.30800E+01  0.52668E+01  0.31350E+01  0.27625E+01  0.10000E+04  0.10000E+04
  0.31000E+01  0.52735E+01  0.31390E+01  0.27629E+01  0.10000E+04  0.10000E+04
  0.31200E+01  0.52803E+01  0.31430E+01  0.27633E+01  0.10000E+04  0.10000E+04
  0.31400E+01  0.52870E+01  0.31470E+01  0.27637E+01  0.10000E+04  0.10000E+04
  0.31600E+01  0.52936E+01  0.31510E+01  0.27641E+01  0.10000E+04  0.10000E+04
  0.31800E+01  0.53003E+01  0.31549E+01  0.27645E+01  0.10000E+04  0.10000E+04
  0.32000E+01  0.53069E+01  0.31589E+01  0.27649E+01  0.10000E+04  0.10000E+04
  0.32200E+01  0.53135E+01  0.31628E+01  0.27653E+01  0.10000E+04  0.10000E+04
  0.32400E+01  0.53200E+01  0.31667E+01  0.27657E+01  0.10000E+04  0.10000E+04
  0.32600E+01  0.53265E+01  0.31705E+01  0.27661E+01  0.10000E+04  0.10000E+04
  0.32800E+01  0.53330E+01  0.31744E+01  0.27665E+01  0.10000E+04  0.10000E+04
  0.33000E+01  0.53394E+01  0.31782E+01  0.27669E+01  0.10000E+04  0.10000E+04
  0.33200E+01  0.53458E+01  0.31820E+01  0.27673E+01  0.10000E+04  0.10000E+04
  0.33400E+01  0.53522E+01  0.31858E+01  0.27677E+01  0.10000E+04  0.10000E+04
  0.33600E+01  0.53585E+01  0.31896E+01  0.27681E+01  0.10000E+04  0.10000E+04
  0.33800E+01  0.53649E+01  0.31934E+01  0.27685E+01  0.10000E+04  0.10000E+04
  0.34000E+01  0.53711E+01  0.31971E+01  0.27689E+01  0.10000E+04  0.10000E+04
  0.34200E+01  0.53774E+01  0.32008E+01  0.27693E+01  0.10000E+04  0.10000E+04
  0.34400E+01  0.53836E+01  0.32045E+01  0.27696E+01  0.10000E+04  0.10000E+04
  0.34600E+01  0.53898E+01  0.32082E+01  0.27700E+01  0.10000E+04  0.10000E+04
  0.34800E+01  0.53960E+01  0.32119E+01  0.27704E+01  0.10000E+04  0.10000E+04
  0.35000E+01  0.54022E+01  0.32156E+01  0.27708E+01  0.10000E+04  0.10000E+04
  0.35200E+01  0.54083E+01  0.32192E+01  0.27711E+01  0.10000E+04  0.10000E+04
  0.35400E+01  0.54144E+01  0.32228E+01  0.27715E+01  0.10000E+04  0.10000E+04
  0.35600E+01  0.54204E+01  0.32264E+01  0.27719E+01  0.10000E+04  0.10000E+04
  0.35800E+01  0.54265E+01  0.32300E+01  0.27723E+01  0.10000E+04  0.10000E+04
  0.36000E+01  0.54325E+01  0.32336E+01  0.27726E+01  0.10000E+04  0.10000E+04
  0.36200E+01  0.54384E+01  0.32372E+01  0.27730E+01  0.10000E+04  0.10000E+04
  0.36400E+01  0.54444E+01  0.32407E+01  0.27734E+01  0.10000E+04  0.10000E+04
  0.36600E+01  0.54503E+01  0.32442E+01  0.27737E+01  0.10000E+04  0.10000E+04
  0.36800E+01  0.54562E+01  0.32478E+01  0.27741E+01  0.10000E+04  0.10000E+04
  0.37000E+01  0.54621E+01  0.32513E+01  0.27744E+01  0.10000E+04  0.10000E+04
  0.37200E+01  0.54680E+01  0.32547E+01  0.27748E+01  0.10000E+04  0.10000E+04
  0.37400E+01  0.54738E+01  0.32582E+01  0.27752E+01  0.10000E+04  0.10000E+04
  0.37600E+01  0.54796E+01  0.32617E+01  0.27755E+01  0.10000E+04  0.10000E+04
  0.37800E+01  0.54854E+01  0.32651E+01  0.27759E+01  0.10000E+04  0.10000E+04
  0.38000E+01  0.54911E+01  0.32685E+01  0.27762E+01  0.10000E+04  0.10000E+04
  0.38200E+01  0.54968E+01  0.32719E+01  0.27766E+01  0.10000E+04  0.10000E+04
  0.38400E+01  0.55025E+01  0.32753E+01  0.27769E+01  0.10000E+04  0.10000E+04
  0.38600E+01  0.55082E+01  0.32787E+01  0.27773E+01  0.10000E+04  0.10000E+04
  0.38800E+01  0.55139E+01  0.32821E+01  0.27776E+01  0.10000E+04  0.10000E+04
  0.39000E+01  0.55195E+01  0.32854E+01  0.27779E+01  0.10000E+04  0.10000E+04
  0.39200E+01  0.55251E+01  0.32888E+01  0.27783E+01  0.10000E+04  0.10000E+04
  0.39400E+01  0.55307E+01  0.32921E+01  0.27786E+01  0.10000E+04  0.10000E+04
  0.39600E+01  0.55363E+01  0.32954E+01  0.27790E+01  0.10000E+04  0.10000E+04
  0.39800E+01  0.55418E+01  0.32987E+01  0.27793E+01  0.10000E+04  0.10000E+04
  0.40000E+01  0.55409E+01  0.32981E+01  0.27793E+01  0.10000E+04  0.10000E+04
  0.40200E+01  0.55432E+01  0.32995E+01  0.27794E+01  0.10000E+04  0.10000E+04
  0.40400E+01  0.55456E+01  0.33010E+01  0.27795E+01  0.10000E+04  0.10000E+04
  0.40600E+01  0.55479E+01  0.33024E+01  0.27797E+01  0.10000E+04  0.10000E+04
  0.40800E+01  0.55503E+01  0.33037E+01  0.27798E+01  0.10000E+04  0.10000E+04
  0.41000E+01  0.55526E+01  0.33051E+01  0.27800E+01  0.10000E+04  0.10000E+04
  0.41200E+01  0.55549E+01  0.33065E+01  0.27801E+01  0.10000E+04  0.10000E+04
  0.41400E+01  0.55573E+01  0.33079E+01  0.27803E+01  0.10000E+04  0.10000E+04
  0.41600E+01  0.55596E+01  0.33093E+01  0.27804E+01  0.10000E+04  0.10000E+04
  0.41800E+01  0.55618E+01  0.33106E+01  0.27805E+01  0.10000E+04  0.10000E+04
  0.42000E+01  0.55641E+01  0.33120E+01  0.27807E+01  0.10000E+04  0.10000E+04
  0.42200E+01  0.55664E+01  0.33133E+01  0.27808E+01  0.10000E+04  0.10000E+04
  0.42400E+01  0.55686E+01  0.33147E+01  0.27810E+01  0.10000E+04  0.10000E+04
  0.42600E+01  0.55709E+01  0.33160E+01  0.27811E+01  0.10000E+04  0.10000E+04
  0.42800E+01  0.55731E+01  0.33173E+01  0.27812E+01  0.10000E+04  0.10000E+04
  0.43000E+01  0.55754E+01  0.33187E+01  0.27814E+01  0.10000E+04  0.10000E+04
  0.43200E+01  0.55776E+01  0.33200E+01  0.27815E+01  0.10000E+04  0.10000E+04
  0.43400E+01  0.55798E+01  0.33213E+01  0.27816E+01  0.10000E+04  0.10000E+04
  0.43600E+01  0.55820E+01  0.33226E+01  0.27818E+01  0.10000E+04  0.10000E+04
  0.43800E+01  0.55842E+01  0.33239E+01  0.27819E+01  0.10000E+04  0.10000E+04
  0.44000E+01  0.55864E+01  0.33252E+01  0.27820E+01  0.10000E+04  0.10000E+04
  0.44200E+01  0.55886E+01  0.33265E+01  0.27822E+01  0.10000E+04  0.10000E+04
  0.44400E+01  0.55907E+01  0.33278E+01  0.27823E+01  0.10000E+04  0.10000E+04
  0.44600E+01  0.55929E+01  0.33291E+01  0.27824E+01  0.10000E+04  0.10000E+04
  0.44800E+01  0.55950E+01  0.33304E+01  0.27826E+01  0.10000E+04  0.10000E+04
  0.45000E+01  0.55972E+01  0.33317E+01  0.27827E+01  0.10000E+04  0.10000E+04
  0.45200E+01  0.55993E+01  0.33329E+01  0.27828E+01  0.10000E+04  0.10000E+04
  0.45400E+01  0.56014E+01  0.33342E+01  0.27830E+01  0.10000E+04  0.10000E+04
  0.45600E+01  0.56035E+01  0.33354E+01  0.27831E+01  0.10000E+04  0.10000E+04
  0.45800E+01  0.56057E+01  0.33367E+01  0.27832E+01  0.10000E+04  0.10000E+04
  0.46000E+01  0.56077E+01  0.33379E+01  0.27833E+01  0.10000E+04  0.10000E+04
  0.46200E+01  0.56098E+01  0.33392E+01  0.27835E+01  0.10000E+04  0.10000E+04
  0.46400E+01  0.56119E+01  0.33404E+01  0.27836E+01  0.10000E+04  0.10000E+04
  0.46600E+01  0.56140E+01  0.33417E+01  0.27837E+01  0.10000E+04  0.10000E+04
  0.46800E+01  0.56161E+01  0.33429E+01  0.27838E+01  0.10000E+04  0.10000E+04
  0.47000E+01  0.56181E+01  0.33441E+01  0.27840E+01  0.10000E+04  0.10000E+04
  0.47200E+01  0.56202E+01  0.33453E+01  0.27841E+01  0.10000E+04  0.10000E+04
  0.47400E+01  0.56222E+01  0.33465E+01  0.27842E+01  0.10000E+04  0.10000E+04
  0.47600E+01  0.56242E+01  0.33478E+01  0.27843E+01  0.10000E+04  0.10000E+04
  0.47800E+01  0.56263E+01  0.33490E+01  0.27845E+01  0.10000E+04  0.10000E+04
  0.48000E+01  0.56283E+01  0.33502E+01  0.27846E+01  0.10000E+04  0.10000E+04
  0.48200E+01  0.56303E+01  0.33514E+01  0.27847E+01  0.10000E+04  0.10000E+04
  0.48400E+01  0.56323E+01  0.33526E+01  0.27848E+01  0.10000E+04  0.10000E+04
  0.48600E+01  0.56343E+01  0.33537E+01  0.27850E+01  0.10000E+04  0.10000E+04
  0.48800E+01  0.56363E+01  0.33549E+01  0.27851E+01  0.10000E+04  0.10000E+04
  0.49000E+01  0.56383E+01  0.33561E+01  0.27852E+01  0.10000E+04  0.10000E+04
  0.49200E+01  0.56402E+01  0.33573E+01  0.27853E+01  0.10000E+04  0.10000E+04
  0.49400E+01  0.56422E+01  0.33584E+01  0.27854E+01  0.10000E+04  0.10000E+04
  0.49600E+01  0.56441E+01  0.33596E+01  0.27856E+01  0.10000E+04  0.10000E+04
  0.49800E+01  0.56461E+01  0.33608E+01  0.27857E+01  0.10000E+04  0.10000E+04
  0.50000E+01  0.56480E+01  0.33619E+01  0.27858E+01  0.10000E+04  0.10000E+04
  0.50200E+01  0.56500E+01  0.33631E+01  0.27859E+01  0.10000E+04  0.10000E+04
  0.50400E+01  0.56519E+01  0.33642E+01  0.27860E+01  0.10000E+04  0.10000E+04
  0.50600E+01  0.56538E+01  0.33654E+01  0.27862E+01  0.10000E+04  0.10000E+04
  0.50800E+01  0.56557E+01  0.33665E+01  0.27863E+01  0.10000E+04  0.10000E+04
  0.51000E+01  0.56577E+01  0.33677E+01  0.27864E+01  0.10000E+04  0.10000E+04
  0.51200E+01  0.56596E+01  0.33688E+01  0.27865E+01  0.10000E+04  0.10000E+04
  0.51400E+01  0.56615E+01  0.33699E+01  0.27866E+01  0.10000E+04  0.10000E+04
  0.51600E+01  0.56633E+01  0.33710E+01  0.27867E+01  0.10000E+04  0.10000E+04
  0.51800E+01  0.56652E+01  0.33722E+01  0.27869E+01  0.10000E+04  0.10000E+04
  0.52000E+01  0.56671E+01  0.33733E+01  0.27870E+01  0.10000E+04  0.10000E+04
  0.52200E+01  0.56690E+01  0.33744E+01  0.27871E+01  0.10000E+04  0.10000E+04
  0.52400E+01  0.56708E+01  0.33755E+01  0.27872E+01  0.10000E+04  0.10000E+04
  0.52600E+01  0.56727E+01  0.33766E+01  0.27873E+01  0.10000E+04  0.10000E+04
  0.52800E+01  0.56745E+01  0.33777E+01  0.27874E+01  0.10000E+04  0.10000E+04
  0.53000E+01  0.56764E+01  0.33788E+01  0.27875E+01  0.10000E+04  0.10000E+04
  0.53200E+01  0.56782E+01  0.33799E+01  0.27876E+01  0.10000E+04  0.10000E+04
  0.53400E+01  0.56800E+01  0.33810E+01  0.27878E+01  0.10000E+04  0.10000E+04
  0.53600E+01  0.56819E+01  0.33821E+01  0.27879E+01  0.10000E+04  0.10000E+04
  0.53800E+01  0.56837E+01  0.33831E+01  0.27880E+01  0.10000E+04  0.10000E+04
  0.54000E+01  0.56855E+01  0.33842E+01  0.27881E+01  0.10000E+04  0.10000E+04
  0.54200E+01  0.56873E+01  0.33853E+01  0.27882E+01  0.10000E+04  0.10000E+04
  0.54400E+01  0.56891E+01  0.33864E+01  0.27883E+01  0.10000E+04  0.10000E+04
  0.54600E+01  0.56909E+01  0.33874E+01  0.27884E+01  0.10000E+04  0.10000E+04
  0.54800E+01  0.56927E+01  0.33885E+01  0.27885E+01  0.10000E+04  0.10000E+04
  0.55000E+01  0.56945E+01  0.33896E+01  0.27886E+01  0.10000E+04  0.10000E+04
  0.55200E+01  0.56962E+01  0.33906E+01  0.27888E+01  0.10000E+04  0.10000E+04
  0.55400E+01  0.56980E+01  0.33917E+01  0.27889E+01  0.10000E+04  0.10000E+04
  0.55600E+01  0.56998E+01  0.33927E+01  0.27890E+01  0.10000E+04  0.10000E+04
  0.55800E+01  0.57015E+01  0.33938E+01  0.27891E+01  0.10000E+04  0.10000E+04
  0.56000E+01  0.57033E+01  0.33948E+01  0.27892E+01  0.10000E+04  0.10000E+04
  0.56200E+01  0.57050E+01  0.33959E+01  0.27893E+01  0.10000E+04  0.10000E+04
  0.56400E+01  0.57068E+01  0.33969E+01  0.27894E+01  0.10000E+04  0.10000E+04
  0.56600E+01  0.57085E+01  0.33979E+01  0.27895E+01  0.10000E+04  0.10000E+04
  0.56800E+01  0.57102E+01  0.33990E+01  0.27896E+01  0.10000E+04  0.10000E+04
  0.57000E+01  0.57120E+01  0.34000E+01  0.27897E+01  0.10000E+04  0.10000E+04
  0.57200E+01  0.57137E+01  0.34010E+01  0.27898E+01  0.10000E+04  0.10000E+04
  0.57400E+01  0.57154E+01  0.34020E+01  0.27899E+01  0.10000E+04  0.10000E+04
  0.57600E+01  0.57171E+01  0.34030E+01  0.27900E+01  0.10000E+04  0.10000E+04
  0.57800E+01  0.57188E+01  0.34040E+01  0.27901E+01  0.10000E+04  0.10000E+04
  0.58000E+01  0.57205E+01  0.34051E+01  0.27902E+01  0.10000E+04  0.10000E+04
  0.58200E+01  0.57222E+01  0.34061E+01  0.27903E+01  0.10000E+04  0.10000E+04
  0.58400E+01  0.57239E+01  0.34071E+01  0.27904E+01  0.10000E+04  0.10000E+04
  0.58600E+01  0.57256E+01  0.34081E+01  0.27905E+01  0.10000E+04  0.10000E+04
  0.58800E+01  0.57272E+01  0.34091E+01  0.27906E+01  0.10000E+04  0.10000E+04
  0.59000E+01  0.57289E+01  0.34101E+01  0.27907E+01  0.10000E+04  0.10000E+04
  0.59200E+01  0.57306E+01  0.34111E+01  0.27908E+01  0.10000E+04  0.10000E+04
  0.59400E+01  0.57322E+01  0.34120E+01  0.27910E+01  0.10000E+04  0.10000E+04
  0.59600E+01  0.57339E+01  0.34130E+01  0.27911E+01  0.10000E+04  0.10000E+04
  0.59800E+01  0.57355E+01  0.34140E+01  0.27912E+01  0.10000E+04  0.10000E+04
  0.60000E+01  0.57372E+01  0.34150E+01  0.27913E+01  0.10000E+04  0.10000E+04
  0.60200E+01  0.57388E+01  0.34160E+01  0.27914E+01  0.10000E+04  0.10000E+04
  0.60400E+01  0.57405E+01  0.34169E+01  0.27915E+01  0.10000E+04  0.10000E+04
  0.60600E+01  0.57421E+01  0.34179E+01  0.27916E+01  0.10000E+04  0.10000E+04
  0.60800E+01  0.57437E+01  0.34189E+01  0.27917E+01  0.10000E+04  0.10000E+04
  0.61000E+01  0.57453E+01  0.34198E+01  0.27918E+01  0.10000E+04  0.10000E+04
  0.61200E+01  0.57469E+01  0.34208E+01  0.27919E+01  0.10000E+04  0.10000E+04
  0.61400E+01  0.57486E+01  0.34218E+01  0.27919E+01  0.10000E+04  0.10000E+04
  0.61600E+01  0.57502E+01  0.34227E+01  0.27920E+01  0.10000E+04  0.10000E+04
  0.61800E+01  0.57518E+01  0.34237E+01  0.27921E+01  0.10000E+04  0.10000E+04
  0.62000E+01  0.57534E+01  0.34246E+01  0.27922E+01  0.10000E+04  0.10000E+04
  0.62200E+01  0.57550E+01  0.34256E+01  0.27923E+01  0.10000E+04  0.10000E+04
  0.62400E+01  0.57565E+01  0.34265E+01  0.27924E+01  0.10000E+04  0.10000E+04
  0.62600E+01  0.57581E+01  0.34275E+01  0.27925E+01  0.10000E+04  0.10000E+04
  0.62800E+01  0.57597E+01  0.34284E+01  0.27926E+01  0.10000E+04  0.10000E+04
  0.63000E+01  0.57613E+01  0.34293E+01  0.27927E+01  0.10000E+04  0.10000E+04
  0.63200E+01  0.57628E+01  0.34303E+01  0.27928E+01  0.10000E+04  0.10000E+04
  0.63400E+01  0.57644E+01  0.34312E+01  0.27929E+01  0.10000E+04  0.10000E+04
  0.63600E+01  0.57660E+01  0.34321E+01  0.27930E+01  0.10000E+04  0.10000E+04
  0.63800E+01  0.57675E+01  0.34330E+01  0.27931E+01  0.10000E+04  0.10000E+04
  0.64000E+01  0.57691E+01  0.34340E+01  0.27932E+01  0.10000E+04  0.10000E+04
  0.64200E+01  0.57706E+01  0.34349E+01  0.27933E+01  0.10000E+04  0.10000E+04
  0.64400E+01  0.57722E+01  0.34358E+01  0.27934E+01  0.10000E+04  0.10000E+04
  0.64600E+01  0.57737E+01  0.34367E+01  0.27935E+01  0.10000E+04  0.10000E+04
  0.64800E+01  0.57752E+01  0.34376E+01  0.27936E+01  0.10000E+04  0.10000E+04
  0.65000E+01  0.57768E+01  0.34385E+01  0.27937E+01  0.10000E+04  0.10000E+04
  0.65200E+01  0.57783E+01  0.34395E+01  0.27938E+01  0.10000E+04  0.10000E+04
  0.65400E+01  0.57798E+01  0.34404E+01  0.27939E+01  0.10000E+04  0.10000E+04
  0.65600E+01  0.57813E+01  0.34413E+01  0.27940E+01  0.10000E+04  0.10000E+04
  0.65800E+01  0.57828E+01  0.34422E+01  0.27940E+01  0.10000E+04  0.10000E+04
  0.66000E+01  0.57843E+01  0.34431E+01  0.27941E+01  0.10000E+04  0.10000E+04
  0.66200E+01  0.57858E+01  0.34440E+01  0.27942E+01  0.10000E+04  0.10000E+04
  0.66400E+01  0.57873E+01  0.34449E+01  0.27943E+01  0.10000E+04  0.10000E+04
  0.66600E+01  0.57888E+01  0.34457E+01  0.27944E+01  0.10000E+04  0.10000E+04
  0.66800E+01  0.57903E+01  0.34466E+01  0.27945E+01  0.10000E+04  0.10000E+04
  0.67000E+01  0.57918E+01  0.34475E+01  0.27946E+01  0.10000E+04  0.10000E+04
  0.67200E+01  0.57933E+01  0.34484E+01  0.27947E+01  0.10000E+04  0.10000E+04
  0.67400E+01  0.57948E+01  0.34493E+01  0.27948E+01  0.10000E+04  0.10000E+04
  0.67600E+01  0.57963E+01  0.34502E+01  0.27949E+01  0.10000E+04  0.10000E+04
  0.67800E+01  0.57977E+01  0.34510E+01  0.27950E+01  0.10000E+04  0.10000E+04
  0.68000E+01  0.57992E+01  0.34519E+01  0.27950E+01  0.10000E+04  0.10000E+04
  0.68200E+01  0.58007E+01  0.34528E+01  0.27951E+01  0.10000E+04  0.10000E+04
  0.68400E+01  0.58021E+01  0.34536E+01  0.27952E+01  0.10000E+04  0.10000E+04
  0.68600E+01  0.58036E+01  0.34545E+01  0.27953E+01  0.10000E+04  0.10000E+04
  0.68800E+01  0.58050E+01  0.34554E+01  0.27954E+01  0.10000E+04  0.10000E+04
  0.69000E+01  0.58065E+01  0.34562E+01  0.27955E+01  0.10000E+04  0.10000E+04
  0.69200E+01  0.58079E+01  0.34571E+01  0.27956E+01  0.10000E+04  0.10000E+04
  0.69400E+01  0.58094E+01  0.34580E+01  0.27957E+01  0.10000E+04  0.10000E+04
  0.69600E+01  0.58108E+01  0.34588E+01  0.27958E+01  0.10000E+04  0.10000E+04
  0.69800E+01  0.58122E+01  0.34597E+01  0.27958E+01  0.10000E+04  0.10000E+04
  0.70000E+01  0.58137E+01  0.34605E+01  0.27959E+01  0.10000E+04  0.10000E+04
  0.70200E+01  0.58151E+01  0.34614E+01  0.27960E+01  0.10000E+04  0.10000E+04
  0.70400E+01  0.58165E+01  0.34622E+01  0.27961E+01  0.10000E+04  0.10000E+04
  0.70600E+01  0.58179E+01  0.34630E+01  0.27962E+01  0.10000E+04  0.10000E+04
  0.70800E+01  0.58193E+01  0.34639E+01  0.27963E+01  0.10000E+04  0.10000E+04
  0.71000E+01  0.58207E+01  0.34647E+01  0.27964E+01  0.10000E+04  0.10000E+04
  0.71200E+01  0.58222E+01  0.34656E+01  0.27964E+01  0.10000E+04  0.10000E+04
  0.71400E+01  0.58236E+01  0.34664E+01  0.27965E+01  0.10000E+04  0.10000E+04
  0.71600E+01  0.58250E+01  0.34672E+01  0.27966E+01  0.10000E+04  0.10000E+04
  0.71800E+01  0.58264E+01  0.34681E+01  0.27967E+01  0.10000E+04  0.10000E+04
  0.72000E+01  0.58277E+01  0.34689E+01  0.27968E+01  0.10000E+04  0.10000E+04
  0.72200E+01  0.58291E+01  0.34697E+01  0.27969E+01  0.10000E+04  0.10000E+04
  0.72400E+01  0.58305E+01  0.34705E+01  0.27970E+01  0.10000E+04  0.10000E+04
  0.72600E+01  0.58319E+01  0.34714E+01  0.27970E+01  0.10000E+04  0.10000E+04
  0.72800E+01  0.58333E+01  0.34722E+01  0.27971E+01  0.10000E+04  0.10000E+04
  0.73000E+01  0.58347E+01  0.34730E+01  0.27972E+01  0.10000E+04  0.10000E+04
  0.73200E+01  0.58360E+01  0.34738E+01  0.27973E+01  0.10000E+04  0.10000E+04
  0.73400E+01  0.58374E+01  0.34746E+01  0.27974E+01  0.10000E+04  0.10000E+04
  0.73600E+01  0.58388E+01  0.34755E+01  0.27975E+01  0.10000E+04  0.10000E+04
  0.73800E+01  0.58401E+01  0.34763E+01  0.27975E+01  0.10000E+04  0.10000E+04
  0.74000E+01  0.58415E+01  0.34771E+01  0.27976E+01  0.10000E+04  0.10000E+04
  0.74200E+01  0.58428E+01  0.34779E+01  0.27977E+01  0.10000E+04  0.10000E+04
  0.74400E+01  0.58442E+01  0.34787E+01  0.27978E+01  0.10000E+04  0.10000E+04
  0.74600E+01  0.58455E+01  0.34795E+01  0.27979E+01  0.10000E+04  0.10000E+04
  0.74800E+01  0.58469E+01  0.34803E+01  0.27980E+01  0.10000E+04  0.10000E+04
  0.75000E+01  0.58482E+01  0.34811E+01  0.27980E+01  0.10000E+04  0.10000E+04
  0.75200E+01  0.58496E+01  0.34819E+01  0.27981E+01  0.10000E+04  0.10000E+04
  0.75400E+01  0.58509E+01  0.34827E+01  0.27982E+01  0.10000E+04  0.10000E+04
  0.75600E+01  0.58522E+01  0.34835E+01  0.27983E+01  0.10000E+04  0.10000E+04
  0.75800E+01  0.58536E+01  0.34843E+01  0.27984E+01  0.10000E+04  0.10000E+04
  0.76000E+01  0.58549E+01  0.34850E+01  0.27984E+01  0.10000E+04  0.10000E+04
  0.76200E+01  0.58562E+01  0.34858E+01  0.27985E+01  0.10000E+04  0.10000E+04
  0.76400E+01  0.58575E+01  0.34866E+01  0.27986E+01  0.10000E+04  0.10000E+04
  0.76600E+01  0.58588E+01  0.34874E+01  0.27987E+01  0.10000E+04  0.10000E+04
  0.76800E+01  0.58601E+01  0.34882E+01  0.27988E+01  0.10000E+04  0.10000E+04
  0.77000E+01  0.58615E+01  0.34890E+01  0.27989E+01  0.10000E+04  0.10000E+04
  0.77200E+01  0.58628E+01  0.34897E+01  0.27989E+01  0.10000E+04  0.10000E+04
  0.77400E+01  0.58641E+01  0.34905E+01  0.27990E+01  0.10000E+04  0.10000E+04
  0.77600E+01  0.58654E+01  0.34913E+01  0.27991E+01  0.10000E+04  0.10000E+04
  0.77800E+01  0.58667E+01  0.34921E+01  0.27992E+01  0.10000E+04  0.10000E+04
  0.78000E+01  0.58680E+01  0.34928E+01  0.27992E+01  0.10000E+04  0.10000E+04
  0.78200E+01  0.58693E+01  0.34936E+01  0.27993E+01  0.10000E+04  0.10000E+04
  0.78400E+01  0.58705E+01  0.34944E+01  0.27994E+01  0.10000E+04  0.10000E+04
  0.78600E+01  0.58718E+01  0.34951E+01  0.27995E+01  0.10000E+04  0.10000E+04
  0.78800E+01  0.58731E+01  0.34959E+01  0.27996E+01  0.10000E+04  0.10000E+04
  0.79000E+01  0.58744E+01  0.34967E+01  0.27996E+01  0.10000E+04  0.10000E+04
  0.79200E+01  0.58757E+01  0.34974E+01  0.27997E+01  0.10000E+04  0.10000E+04
  0.79400E+01  0.58769E+01  0.34982E+01  0.27998E+01  0.10000E+04  0.10000E+04
  0.79600E+01  0.58782E+01  0.34989E+01  0.27999E+01  0.10000E+04  0.10000E+04
  0.79800E+01  0.58795E+01  0.34997E+01  0.28000E+01  0.10000E+04  0.10000E+04
