  0.5414025      0.0000000E+00
  0.1823930     -0.5097543    
 -0.4185098     -0.3434621    
 -0.4643763      0.2783366    
  0.1056224      0.5309995    
  0.5355426      7.9440117E-02
  0.2552152     -0.4774745    
 -0.3635839     -0.4011526    
 -0.5001906      0.2071858    
  2.6565794E-02  0.5407503    
  0.5180900      0.1571606    
  0.3225130     -0.4348586    
 -0.3007874     -0.4501595    
 -0.5251772      0.1315503    
 -5.3066164E-02  0.5387955    
  0.4894222      0.2314790    
  0.3828292     -0.3828295    
 -0.2314794     -0.4894220    
 -0.5387954      5.3067587E-02
 -0.1315494      0.5251775    
  0.4501600      0.3007867    
  0.4348584     -0.3225133    
 -0.1571610     -0.5180898    
 -0.5407504     -2.6564365E-02
 -0.2071850      0.5001910    
  0.4011532      0.3635832    
  0.4774742     -0.2552158    
 -7.9441532E-02 -0.5355424    
 -0.5309998     -0.1056213    
 -0.2783357      0.4643769    
  0.3434627      0.4185093    
  0.5097541     -0.1823936    
 -3.9801574E-07 -0.5414025    
 -0.5097544     -0.1823928    
 -0.3434621      0.4185098    
  0.2783381      0.4643754    
  0.5309992     -0.1056241    
  7.9438701E-02 -0.5355428    
 -0.4774750     -0.2552142    
 -0.4011520      0.3635846    
  0.2071867      0.5001903    
  0.5407503     -2.6566193E-02
  0.1571602     -0.5180901    
 -0.4348588     -0.3225127    
 -0.4501595      0.3007873    
  0.1315522      0.5251768    
  0.5387957      5.3064741E-02
  0.2314778     -0.4894228    
 -0.3828305     -0.3828282    
 -0.4894214      0.2314807    
  5.3067982E-02  0.5387954    
  0.5251776      0.1315490    
  0.3007863     -0.4501602    
 -0.3225137     -0.4348581    
 -0.5180891      0.1571633    
 -2.6564999E-02  0.5407503    
  0.5001915      0.2071837    
  0.3635837     -0.4011528    
 -0.2552170     -0.4774735    
 -0.5355427      7.9439886E-02
 -0.1056209      0.5309999    
  0.4643781      0.2783336    
  0.4185090     -0.3434630    
 -0.1823959     -0.5097533    
 -0.5414025      7.9603149E-07
 -0.1823905      0.5097552    
  0.4185100      0.3434618    
  0.4643752     -0.2783385    
 -0.1056225     -0.5309995    
 -0.5355429     -7.9438306E-02
 -0.2552120      0.4774762    
  0.3635849      0.4011517    
  0.5001894     -0.2071890    
 -2.6566589E-02 -0.5407503    
 -0.5180908     -0.1571579    
 -0.3225124      0.4348591    
  0.3007894      0.4501582    
  0.5251772     -0.1315506    
  5.3064343E-02 -0.5387957    
 -0.4894239     -0.2314755    
 -0.3828279      0.3828308    
  0.2314829      0.4894204    
  0.5387953     -5.3068381E-02
  0.1315466     -0.5251782    
 -0.4501604     -0.3007860    
 -0.4348567      0.3225156    
  0.1571617      0.5180896    
  0.5407504      2.6562540E-02
  0.2071852     -0.5001909    
 -0.4011544     -0.3635819    
 -0.4774723      0.2552192    
  7.9442322E-02  0.5355423    
  0.5310004      0.1056185    
  0.2783350     -0.4643773    
 -0.3434649     -0.4185075    
 -0.5097538      0.1823943    
  3.2593339E-06  0.5414025    
  0.5097547      0.1823920    
  0.3434598     -0.4185116    
 -0.2783406     -0.4643739    
 -0.5309991      0.1056249    
 -7.9435870E-02  0.5355433    
  0.4774754      0.2552134    
  0.4011500     -0.3635867    
 -0.2071874     -0.5001900    
 -0.5407504      2.6564924E-02
 -0.1571595      0.5180903    
  0.4348605      0.3225104    
  0.4501568     -0.3007914    
 -0.1315570     -0.5251756    
 -0.5387955     -5.3066004E-02
 -0.2314770      0.4894232    
  0.3828325      0.3828262    
  0.4894193     -0.2314851    
 -5.3066719E-02 -0.5387955    
 -0.5251778     -0.1315482    
 -0.3007840      0.4501618    
  0.3225176      0.4348552    
  0.5180901     -0.1571601    
  2.6564205E-02 -0.5407504    
 -0.5001918     -0.2071829    
 -0.3635800      0.4011561    
  0.2552214      0.4774711    
  0.5355425     -7.9440668E-02
  0.1056201     -0.5310000    
 -0.4643786     -0.2783329    
 -0.4185059      0.3434668    
  0.1823927      0.5097544    
  0.5414025     -1.5920630E-06
  0.1823897     -0.5097554    
 -0.4185132     -0.3434579    
 -0.4643727      0.2783427    
  0.1056232      0.5309994    
  0.5355430      7.9437524E-02
  0.2552113     -0.4774765    
 -0.3635885     -0.4011484    
 -0.5001906      0.2071859    
  2.6567385E-02  0.5407502    
  0.5180910      0.1571571    
  0.3225084     -0.4348620    
 -0.3007935     -0.4501554    
 -0.5251770      0.1315513    
 -5.3063553E-02  0.5387958    
  0.4894242      0.2314748    
  0.3828245     -0.3828343    
 -0.2314799     -0.4894218    
 -0.5387952      5.3069171E-02
 -0.1315459      0.5251784    
  0.4501632      0.3007819    
  0.4348537     -0.3225196    
 -0.1571625     -0.5180894    
 -0.5407505     -2.6561745E-02
 -0.2071807      0.5001928    
  0.4011577      0.3635782    
  0.4774739     -0.2552162    
 -7.9443105E-02 -0.5355422    
 -0.5310005     -0.1056177    
 -0.2783308      0.4643798    
  0.3434687      0.4185044    
  0.5097536     -0.1823950    
 -4.0553655E-06 -0.5414025    
 -0.5097563     -0.1823874    
 -0.3434561      0.4185147    
  0.2783377      0.4643756    
  0.5309989     -0.1056257    
  7.9435088E-02 -0.5355434    
 -0.4774777     -0.2552091    
 -0.4011523      0.3635842    
  0.2071882      0.5001897    
  0.5407501     -2.6569845E-02
  0.1571547     -0.5180917    
 -0.4348635     -0.3225065    
 -0.4501587      0.3007887    
  0.1315537      0.5251764    
  0.5387960      5.3061102E-02
  0.2314726     -0.4894253    
 -0.3828302     -0.3828285    
 -0.4894207      0.2314821    
  5.3071622E-02  0.5387950    
  0.5251790      0.1315435    
  0.3007799     -0.4501645    
 -0.3225150     -0.4348572    
 -0.5180886      0.1571649    
 -2.6559284E-02  0.5407506    
  0.5001937      0.2071784    
  0.3635825     -0.4011538    
 -0.2552184     -0.4774727    
 -0.5355418      7.9445541E-02
 -0.1056153      0.5310010    
  0.4643811      0.2783287    
  0.4185080     -0.3434642    
 -0.1823974     -0.5097528    
 -0.5414025      6.5186678E-06
 -0.1823851      0.5097571    
  0.4185111      0.3434605    
  0.4643744     -0.2783399    
 -0.1056281     -0.5309985    
 -0.5355437     -7.9432644E-02
 -0.2552069      0.4774789    
  0.3635860      0.4011506    
  0.5001887     -0.2071904    
 -2.6572306E-02 -0.5407500    
 -0.5180925     -0.1571524    
 -0.3225111      0.4348600    
  0.3007907      0.4501573    
  0.5251758     -0.1315561    
  5.3058650E-02 -0.5387962    
 -0.4894263     -0.2314703    
 -0.3828268      0.3828319    
  0.2314844      0.4894197    
  0.5387956     -5.3065855E-02
  0.1315411     -0.5251796    
 -0.4501613     -0.3007847    
 -0.4348508      0.3225236    
  0.1571672      0.5180879    
  0.5407503      2.6565075E-02
  0.2071761     -0.5001947    
 -0.4011555     -0.3635807    
 -0.4774677      0.2552279    
  7.9447977E-02  0.5355415    
  0.5309998      0.1056210    
  0.2783266     -0.4643824    
 -0.3434661     -0.4185065    
 -0.5097547      0.1823919    
  8.9819696E-06  0.5414025    
  0.5097552      0.1823906    
  0.3434522     -0.4185179    
 -0.2783420     -0.4643731    
 -0.5309996      0.1056224    
 -7.9430208E-02  0.5355441    
  0.4774761      0.2552120    
  0.4011434     -0.3635940    
 -0.2071927     -0.5001878    
 -0.5407503      2.6566515E-02
 -0.1571500      0.5180932    
  0.4348615      0.3225091    
  0.4501605     -0.3007859    
 -0.1315585     -0.5251752    
 -0.5387957     -5.3064417E-02
 -0.2314681      0.4894274    
  0.3828337      0.3828250    
  0.4894222     -0.2314791    
 -5.3076528E-02 -0.5387945    
 -0.5251782     -0.1315467    
 -0.3007758      0.4501673    
  0.3225189      0.4348542    
  0.5180896     -0.1571617    
  2.6554363E-02 -0.5407509    
 -0.5001925     -0.2071815    
 -0.3635727      0.4011627    
  0.2552228      0.4774704    
  0.5355423     -7.9442248E-02
  0.1056104     -0.5310019    
 -0.4643794     -0.2783315    
 -0.4185101      0.3434616    
  0.1824020      0.5097511    
  0.5414025     -3.1841259E-06
  0.1823805     -0.5097588    
 -0.4185142     -0.3434567    
 -0.4643761      0.2783370    
  0.0000000E+00  0.0000000E+00
  0.0000000E+00  0.0000000E+00
  0.0000000E+00  0.0000000E+00
  0.0000000E+00  0.0000000E+00
  0.0000000E+00  0.0000000E+00
  0.0000000E+00  0.0000000E+00
  0.0000000E+00  0.0000000E+00
  0.0000000E+00  0.0000000E+00
  0.0000000E+00  0.0000000E+00
  0.0000000E+00  0.0000000E+00
  0.0000000E+00  0.0000000E+00
  0.0000000E+00  0.0000000E+00
  0.0000000E+00  0.0000000E+00
  0.0000000E+00  0.0000000E+00
  0.0000000E+00  0.0000000E+00
  0.0000000E+00  0.0000000E+00
  0.0000000E+00  0.0000000E+00
  0.0000000E+00  0.0000000E+00
  0.0000000E+00  0.0000000E+00
  0.0000000E+00  0.0000000E+00
  0.0000000E+00  0.0000000E+00
  0.0000000E+00  0.0000000E+00
  0.0000000E+00  0.0000000E+00
  0.0000000E+00  0.0000000E+00
  0.0000000E+00  0.0000000E+00
  0.0000000E+00  0.0000000E+00
  0.0000000E+00  0.0000000E+00
  0.0000000E+00  0.0000000E+00
  0.0000000E+00  0.0000000E+00
  0.0000000E+00  0.0000000E+00
  0.0000000E+00  0.0000000E+00
  0.0000000E+00  0.0000000E+00
  0.0000000E+00  0.0000000E+00
  0.0000000E+00  0.0000000E+00
  0.0000000E+00  0.0000000E+00
  0.0000000E+00  0.0000000E+00
  0.0000000E+00  0.0000000E+00
  0.0000000E+00  0.0000000E+00
  0.0000000E+00  0.0000000E+00
  0.0000000E+00  0.0000000E+00
  0.0000000E+00  0.0000000E+00
  0.0000000E+00  0.0000000E+00
  0.0000000E+00  0.0000000E+00
  0.0000000E+00  0.0000000E+00
  0.0000000E+00  0.0000000E+00
  0.0000000E+00  0.0000000E+00
  0.0000000E+00  0.0000000E+00
  0.0000000E+00  0.0000000E+00
  0.0000000E+00  0.0000000E+00
  0.0000000E+00  0.0000000E+00
  0.0000000E+00  0.0000000E+00
  0.0000000E+00  0.0000000E+00
  0.0000000E+00  0.0000000E+00
  0.0000000E+00  0.0000000E+00
  0.0000000E+00  0.0000000E+00
  0.0000000E+00  0.0000000E+00
  0.0000000E+00  0.0000000E+00
  0.0000000E+00  0.0000000E+00
  0.0000000E+00  0.0000000E+00
  0.0000000E+00  0.0000000E+00
  0.0000000E+00  0.0000000E+00
  0.0000000E+00  0.0000000E+00
  0.0000000E+00  0.0000000E+00
  0.0000000E+00  0.0000000E+00
  0.0000000E+00  0.0000000E+00
  0.0000000E+00  0.0000000E+00
  0.0000000E+00  0.0000000E+00
  0.0000000E+00  0.0000000E+00
  0.0000000E+00  0.0000000E+00
  0.0000000E+00  0.0000000E+00
  0.0000000E+00  0.0000000E+00
  0.0000000E+00  0.0000000E+00
  0.0000000E+00  0.0000000E+00
  0.0000000E+00  0.0000000E+00
  0.0000000E+00  0.0000000E+00
  0.0000000E+00  0.0000000E+00
  0.0000000E+00  0.0000000E+00
  0.0000000E+00  0.0000000E+00
  0.0000000E+00  0.0000000E+00
  0.0000000E+00  0.0000000E+00
  0.0000000E+00  0.0000000E+00
  0.0000000E+00  0.0000000E+00
  0.0000000E+00  0.0000000E+00
  0.0000000E+00  0.0000000E+00
  0.0000000E+00  0.0000000E+00
  0.0000000E+00  0.0000000E+00
  0.0000000E+00  0.0000000E+00
  0.0000000E+00  0.0000000E+00
  0.0000000E+00  0.0000000E+00
  0.0000000E+00  0.0000000E+00
  0.0000000E+00  0.0000000E+00
  0.0000000E+00  0.0000000E+00
  0.0000000E+00  0.0000000E+00
  0.0000000E+00  0.0000000E+00
  0.0000000E+00  0.0000000E+00
  0.0000000E+00  0.0000000E+00
  0.0000000E+00  0.0000000E+00
  0.0000000E+00  0.0000000E+00
  0.0000000E+00  0.0000000E+00
  0.0000000E+00  0.0000000E+00
  0.0000000E+00  0.0000000E+00
  0.0000000E+00  0.0000000E+00
  0.0000000E+00  0.0000000E+00
  0.0000000E+00  0.0000000E+00
  0.0000000E+00  0.0000000E+00
  0.0000000E+00  0.0000000E+00
  0.0000000E+00  0.0000000E+00
  0.0000000E+00  0.0000000E+00
  0.0000000E+00  0.0000000E+00
  0.0000000E+00  0.0000000E+00
  0.0000000E+00  0.0000000E+00
  0.0000000E+00  0.0000000E+00
  0.0000000E+00  0.0000000E+00
  0.0000000E+00  0.0000000E+00
  0.0000000E+00  0.0000000E+00
  0.0000000E+00  0.0000000E+00
  0.0000000E+00  0.0000000E+00
  0.0000000E+00  0.0000000E+00
  0.0000000E+00  0.0000000E+00
  0.0000000E+00  0.0000000E+00
  0.0000000E+00  0.0000000E+00
  0.0000000E+00  0.0000000E+00
  0.0000000E+00  0.0000000E+00
  0.0000000E+00  0.0000000E+00
  0.0000000E+00  0.0000000E+00
  0.0000000E+00  0.0000000E+00
  0.0000000E+00  0.0000000E+00
  0.0000000E+00  0.0000000E+00
  0.0000000E+00  0.0000000E+00
  0.0000000E+00  0.0000000E+00
  0.0000000E+00  0.0000000E+00
  0.0000000E+00  0.0000000E+00
  0.0000000E+00  0.0000000E+00
  0.0000000E+00  0.0000000E+00
  0.0000000E+00  0.0000000E+00
  0.0000000E+00  0.0000000E+00
  0.0000000E+00  0.0000000E+00
  0.0000000E+00  0.0000000E+00
  0.0000000E+00  0.0000000E+00
  0.0000000E+00  0.0000000E+00
  0.0000000E+00  0.0000000E+00
  0.0000000E+00  0.0000000E+00
  0.0000000E+00  0.0000000E+00
  0.0000000E+00  0.0000000E+00
  0.0000000E+00  0.0000000E+00
  0.0000000E+00  0.0000000E+00
  0.0000000E+00  0.0000000E+00
  0.0000000E+00  0.0000000E+00
  0.0000000E+00  0.0000000E+00
  0.0000000E+00  0.0000000E+00
  0.0000000E+00  0.0000000E+00
  0.0000000E+00  0.0000000E+00
  0.0000000E+00  0.0000000E+00
  0.0000000E+00  0.0000000E+00
  0.0000000E+00  0.0000000E+00
  0.0000000E+00  0.0000000E+00
  0.0000000E+00  0.0000000E+00
  0.0000000E+00  0.0000000E+00
  0.0000000E+00  0.0000000E+00
  0.0000000E+00  0.0000000E+00
  0.0000000E+00  0.0000000E+00
  0.0000000E+00  0.0000000E+00
  0.0000000E+00  0.0000000E+00
  0.0000000E+00  0.0000000E+00
  0.0000000E+00  0.0000000E+00
  0.0000000E+00  0.0000000E+00
  0.0000000E+00  0.0000000E+00
  0.0000000E+00  0.0000000E+00
  0.0000000E+00  0.0000000E+00
  0.0000000E+00  0.0000000E+00
  0.0000000E+00  0.0000000E+00
  0.0000000E+00  0.0000000E+00
  0.0000000E+00  0.0000000E+00
  0.0000000E+00  0.0000000E+00
  0.0000000E+00  0.0000000E+00
  0.0000000E+00  0.0000000E+00
  0.0000000E+00  0.0000000E+00
  0.0000000E+00  0.0000000E+00
  0.0000000E+00  0.0000000E+00
  0.0000000E+00  0.0000000E+00
  0.0000000E+00  0.0000000E+00
  0.0000000E+00  0.0000000E+00
  0.0000000E+00  0.0000000E+00
  0.0000000E+00  0.0000000E+00
  0.0000000E+00  0.0000000E+00
  0.0000000E+00  0.0000000E+00
  0.0000000E+00  0.0000000E+00
  0.0000000E+00  0.0000000E+00
  0.0000000E+00  0.0000000E+00
  0.0000000E+00  0.0000000E+00
  0.0000000E+00  0.0000000E+00
  0.0000000E+00  0.0000000E+00
  0.0000000E+00  0.0000000E+00
  0.0000000E+00  0.0000000E+00
  0.0000000E+00  0.0000000E+00
  0.0000000E+00  0.0000000E+00
  0.0000000E+00  0.0000000E+00
  0.0000000E+00  0.0000000E+00
  0.0000000E+00  0.0000000E+00
  0.0000000E+00  0.0000000E+00
  0.0000000E+00  0.0000000E+00
  0.0000000E+00  0.0000000E+00
  0.0000000E+00  0.0000000E+00
  0.0000000E+00  0.0000000E+00
  0.0000000E+00  0.0000000E+00
  0.0000000E+00  0.0000000E+00
  0.0000000E+00  0.0000000E+00
  0.0000000E+00  0.0000000E+00
  0.0000000E+00  0.0000000E+00
  0.0000000E+00  0.0000000E+00
  0.0000000E+00  0.0000000E+00
  0.0000000E+00  0.0000000E+00
  0.0000000E+00  0.0000000E+00
  0.0000000E+00  0.0000000E+00
  0.0000000E+00  0.0000000E+00
  0.0000000E+00  0.0000000E+00
  0.0000000E+00  0.0000000E+00
  0.0000000E+00  0.0000000E+00
  0.0000000E+00  0.0000000E+00
  0.0000000E+00  0.0000000E+00
  0.0000000E+00  0.0000000E+00
  0.0000000E+00  0.0000000E+00
  0.0000000E+00  0.0000000E+00
  0.0000000E+00  0.0000000E+00
  0.0000000E+00  0.0000000E+00
  0.0000000E+00  0.0000000E+00
  0.0000000E+00  0.0000000E+00
  0.0000000E+00  0.0000000E+00
  0.0000000E+00  0.0000000E+00
  0.0000000E+00  0.0000000E+00
  0.0000000E+00  0.0000000E+00
  0.0000000E+00  0.0000000E+00
  0.0000000E+00  0.0000000E+00
  0.0000000E+00  0.0000000E+00
  0.0000000E+00  0.0000000E+00
  0.0000000E+00  0.0000000E+00
  0.0000000E+00  0.0000000E+00
  0.0000000E+00  0.0000000E+00
  0.0000000E+00  0.0000000E+00
  0.0000000E+00  0.0000000E+00
  0.0000000E+00  0.0000000E+00
  0.0000000E+00  0.0000000E+00
  0.0000000E+00  0.0000000E+00
  0.0000000E+00  0.0000000E+00
  0.0000000E+00  0.0000000E+00
  0.0000000E+00  0.0000000E+00
  0.0000000E+00  0.0000000E+00
  0.0000000E+00  0.0000000E+00
  0.0000000E+00  0.0000000E+00
  0.0000000E+00  0.0000000E+00
  0.0000000E+00  0.0000000E+00
  0.0000000E+00  0.0000000E+00
